19 10
(</s>   0) 0.040027 0.044194 -0.038303 -0.032780 0.013666 0.030211 0.009409 0.002113 -0.036035 0.022185 
(not   1) -0.043564 0.012495 -0.007513 -0.009572 -0.033157 -0.018822 0.025793 0.030254 0.029691 0.015974 
(i   2) 0.015509 -0.038002 -0.041019 0.049701 0.038025 0.030944 -0.006089 0.040217 -0.004919 0.007332 
(this   3) -0.001492 -0.029832 0.013123 -0.013374 -0.038254 0.047542 0.043793 -0.010951 -0.002261 0.005092 
(very   4) -0.036377 -0.040071 0.045547 0.000630 -0.025824 -0.030421 -0.030765 0.016969 0.002014 0.013310 
(good   5) -0.042136 -0.038078 -0.001300 0.011436 0.025497 -0.031700 0.040796 0.009270 0.011197 -0.006084 
(am   6) 0.029865 -0.022878 -0.020975 0.021584 -0.007532 0.010307 0.018045 -0.040886 -0.019830 0.029137 
(bad   7) 0.042344 0.039344 -0.030487 -0.021090 -0.009097 0.020027 -0.037907 0.029997 0.027895 -0.015999 
(happy   8) -0.015515 -0.022383 0.042288 0.039119 -0.011798 0.042149 0.048203 0.018153 0.049829 -0.031111 
(is   9) -0.015317 -0.021074 -0.029071 0.028148 0.015793 0.004250 -0.021936 0.015239 0.030594 0.001936 
(sad   10) 0.022797 -0.049525 0.043149 0.004799 -0.018311 -0.020833 -0.007480 -0.029350 -0.043695 -0.028371 
(was   11) 0.042770 -0.017699 -0.026794 0.023174 -0.017038 0.047566 -0.016046 -0.045888 0.027158 -0.000743 
(earlier   12) -0.034888 0.009758 0.014420 -0.004814 0.018243 -0.039577 0.008810 0.018166 -0.030090 0.001421 
(right   13) -0.000581 -0.023967 -0.028345 -0.046950 0.000223 0.001540 0.000075 -0.039320 -0.049602 -0.047475 
(now   14) -0.043256 -0.005470 0.013913 0.011842 -0.031824 0.049980 -0.020114 -0.012737 -0.014044 0.047325 
(at   15) -0.037637 0.011610 -0.013354 0.031877 0.000406 0.042696 -0.028192 -0.026051 -0.041922 -0.036668 
(all   16) -0.031995 -0.031148 0.024442 -0.018669 0.026801 0.036900 0.013559 0.029506 0.024756 0.023405 
(and   17) -0.035507 -0.034331 -0.036566 -0.001320 0.041306 -0.027367 -0.030603 -0.041963 0.033060 -0.041789 
(or   18) -0.005800 0.021703 -0.046230 -0.044741 0.014480 0.035272 0.042659 0.021461 0.031569 -0.031286 
